00526465 31012026 088
00125628 31012026 088
00126754 31012026 088
00125555 31012026 088
00126525 31012026 088
00126357 31012026 088
00526888 31012026 088
00124830 31012026 088
00126762 31012026 088
00125448 31012026 088
00126578 31012026 088
00126578 31012026 088
00126091 31012026 088
00125096 31012026 088
00126066 31012026 088
00126498 31012026 088
00126610 31012026 088
00125916 31012026 088
00126228 31012026 088
00126364 31012026 088
00126941 31012026 202
00126916 31012026 202
00126912 31012026 202
00126878 31012026 202
00126865 31012026 202
00126776 31012026 202
00126767 31012026 202
00526736 31012026 202
00126670 31012026 202
00126654 31012026 202
00126535 31012026 202
00126520 31012026 202
00126502 31012026 202
00126482 31012026 202
00126412 31012026 202
00126410 31012026 202
00126409 31012026 202
00126376 31012026 202
00126318 31012026 202
00126221 31012026 202
00126133 31012026 202
00526060 31012026 202
00126035 31012026 202
00125905 31012026 202
00125748 31012026 202
00125326 31012026 202
00125282 31012026 202
00121982 31012026 202
00121883 31012026 202
00126488 31012026 202
00126207 31012026 202
00126238 31012026 202
00125423 31012026 202
00126487 31012026 202
00126599 31012026 202
00126256 31012026 202
00526466 31012026 202
00526440 31012026 202
00526380 31012026 202
00524723 31012026 202
00526025 31012026 202
00526097 31012026 202
00526430 31012026 202
00126868 31012026 202
00125608 31012026 202
00126536 31012026 202
00126037 31012026 202
00126625 31012026 202
00126580 31012026 202
00126406 31012026 202
00126213 31012026 202
00126870 31012026 122
00126880 31012026 019
00126935 31012026 019
00126759 01022026 088
00125907 01022026 088
00126297 01022026 088
00126432 01022026 088
00526262 01022026 088
00125333 01022026 088
00126665 01022026 088
00126068 01022026 088
00126771 01022026 088
00126497 01022026 088
00125866 01022026 088
00824582 01022026 088
00126942 01022026 088
00125883 01022026 202
00425165 01022026 202
00126653 01022026 202
00126891 01022026 202
00126769 01022026 202
00126758 01022026 202
00126654 01022026 202
00126595 01022026 202
00126508 01022026 202
00126468 01022026 202
00126362 01022026 202
00126228 01022026 202
00126131 01022026 202
00526094 01022026 202
00125735 01022026 202
00125159 01022026 202
00325144 01022026 202
00124993 01022026 202
00126762 01022026 202
00526491 01022026 202
00526888 01022026 202
00126521 01022026 202
00125861 01022026 202
00125869 01022026 202
00526371 01022026 202
00526439 01022026 202
00526093 01022026 202
00526465 01022026 202
00526384 01022026 202
00126519 01022026 202
00126499 01022026 202
00126610 01022026 202
00126869 01022026 202
00126589 01022026 202
00125700 01022026 202
00125555 01022026 202
00126870 01022026 122
00526668 02022026 088
00125608 02022026 088
00126065 02022026 088
00126377 02022026 088
00126406 02022026 088
00125744 02022026 088
00126882 02022026 088
00526358 02022026 088
00526024 02022026 088
00126867 02022026 088
00126316 02022026 088
00126597 02022026 088
00126207 02022026 088
00125423 02022026 088
00126487 02022026 088
00126599 02022026 088
00126614 02022026 088
00126059 02022026 088
00126905 02022026 202
00126891 02022026 202
00126511 02022026 202
00126475 02022026 202
00125609 02022026 202
01426052 02022026 202
00126936 02022026 202
00126856 02022026 202
00126943 02022026 202
00126942 02022026 202
00126923 02022026 202
00126859 02022026 202
00126858 02022026 202
00126857 02022026 202
00126798 02022026 202
00126768 02022026 202
00126755 02022026 202
00126504 02022026 202
00126469 02022026 202
00126463 02022026 202
00126364 02022026 202
00126363 02022026 202
00126171 02022026 202
00126760 02022026 202
00526673 02022026 202
00526287 02022026 202
00525996 02022026 202
00126091 02022026 202
00126578 02022026 202
00125448 02022026 202
00126498 02022026 202
00125096 02022026 202
00824582 02022026 202
00526802 02022026 202
00125333 02022026 202
00526357 02022026 202
00126525 02022026 202
00126297 02022026 202
00124993 02022026 126
00126376 02022026 126
00526465 02022026 126
00526093 02022026 126
00526526 03022026 088
00126763 03022026 088
00526673 03022026 126
00125608 03022026 088
00126065 03022026 088
00125700 03022026 088
00126179 03022026 088
00126436 03022026 088
00126869 03022026 088
00125504 03022026 088
00526262 03022026 088
00526888 03022026 088
00126499 03022026 088
00126519 03022026 088
00126066 03022026 088
00125871 03022026 088
00126660 03022026 088
00126521 03022026 088
00126376 03022026 126
00124993 03022026 126
00126757 03022026 202
00126805 03022026 202
00126949 03022026 202
00126930 03022026 202
00126905 03022026 202
00126881 03022026 202
00126860 03022026 202
00126752 03022026 202
00126646 03022026 202
00126502 03022026 202
00126469 03022026 202
00126399 03022026 202
00126365 03022026 202
00126273 03022026 202
00126239 03022026 202
00126172 03022026 202
00126030 03022026 202
00126016 03022026 202
00125997 03022026 202
00126511 03022026 202
00126068 03022026 202
00126665 03022026 202
00824686 03022026 202
00126164 03022026 202
00526374 03022026 202
00526877 03022026 202
00126771 03022026 202
00126497 03022026 202
00126614 03022026 202
00126059 03022026 202
00126432 03022026 202
00126377 03022026 202
00126213 03022026 202
00526024 03022026 202
00526358 03022026 202
00126130 03022026 202
00126935 03022026 019
00126872 03022026 019
00824686 04022026 126
00126126 04022026 088
00125089 04022026 088
00126213 04022026 126
00126215 04022026 088
00126525 04022026 088
00126756 04022026 088
00126879 04022026 088
00526357 04022026 088
00126867 04022026 088
00126256 04022026 088
00125096 04022026 088
00126498 04022026 088
00125866 04022026 088
00126488 04022026 088
00126238 04022026 088
00126935 04022026 019
00126228 04022026 088
00126881 04022026 019
00126653 04022026 126
00121883 04022026 202
00325144 04022026 202
00125920 04022026 202
00126172 04022026 202
00126249 04022026 202
00126386 04022026 202
00126410 04022026 202
00126478 04022026 202
00126480 04022026 202
00126503 04022026 202
00126508 04022026 202
00126537 04022026 202
00126750 04022026 202
00126872 04022026 202
00126875 04022026 202
00126906 04022026 202
00126923 04022026 202
00126932 04022026 202
00126754 04022026 202
00126938 04022026 202
00126126 04022026 202
00126885 04022026 202
00125744 04022026 202
00126523 04022026 202
00125504 04022026 202
00126230 04022026 202
00126207 04022026 202
00126597 04022026 202
00126316 04022026 202
00526261 04022026 202
00526876 04022026 202
00824436 04022026 202
00526908 04022026 202
00126763 04022026 202
00526526 04022026 202
00526125 04022026 202
00526381 04022026 202
00126489 04022026 202
00126406 04022026 202
00126179 04022026 202
00126599 04022026 202
00125871 04022026 202
00126597 04022026 202
00526888 04022026 202
00526491 04022026 202
00526001 04022026 202
00526262 04022026 202
00526668 05022026 088
00526125 05022026 126
00824436 05022026 088
00125902 05022026 088
00125698 05022026 088
00125700 05022026 088
00126432 05022026 088
00126580 05022026 088
00126869 05022026 088
00126884 05022026 122
00526358 05022026 088
00125333 05022026 088
00126497 05022026 088
00126771 05022026 088
00125423 05022026 088
00125861 05022026 088
00125869 05022026 088
00126068 05022026 088
00126881 05022026 019
00126935 05022026 019
00124993 05022026 122
00126318 05022026 019
00126172 05022026 088
00125748 05022026 202
00126131 05022026 202
00126133 05022026 202
00126228 05022026 202
00126354 05022026 202
00126412 05022026 202
00126504 05022026 202
00126511 05022026 202
00126653 05022026 202
00126654 05022026 202
00126656 05022026 202
00126798 05022026 202
00126856 05022026 202
00126918 05022026 202
00126941 05022026 202
00126946 05022026 202
00126735 05022026 202
00126882 05022026 202
00126421 05022026 202
00126759 05022026 202
00126846 05022026 202
00125902 05022026 202
00126385 05022026 202
00125887 05022026 202
00126091 05022026 202
00126521 05022026 202
00126660 05022026 202
00526384 05022026 202
00526663 05022026 202
00526235 05022026 202
00526440 05022026 202
00526908 05022026 202
00126256 05022026 202
00126499 05022026 202
00126519 05022026 202
00126867 05022026 202
00526802 05022026 202
00125586 05022026 202
00526357 05022026 202
00126589 05022026 202
00126436 05022026 202
00126215 05022026 202
00526371 06022026 088
00526384 06022026 126
00125628 06022026 088
00126754 06022026 088
00125555 06022026 088
00126406 06022026 088
00126766 06022026 088
00126884 06022026 122
00126757 06022026 088
00526262 06022026 088
00526888 06022026 088
00126066 06022026 088
00126599 06022026 088
00126487 06022026 088
00126614 06022026 088
00126520 06022026 126
00126578 06022026 088
00125448 06022026 088
00125735 06022026 202
00126134 06022026 202
00126221 06022026 202
00126362 06022026 202
00126409 06022026 202
00126758 06022026 202
00126767 06022026 202
00126858 06022026 202
00126916 06022026 202
00126923 06022026 202
00126936 06022026 202
00126942 06022026 202
00126756 06022026 202
00126229 06022026 202
00126590 06022026 202
00126529 06022026 202
00126831 06022026 202
00126868 06022026 202
00126625 06022026 202
00125608 06022026 202
00126037 06022026 202
00126238 06022026 202
00126488 06022026 202
00126498 06022026 202
00125866 06022026 202
00526668 06022026 202
00126939 06022026 202
00526025 06022026 202
00526371 06022026 202
00125333 06022026 202
00526024 06022026 202
00526358 06022026 202
00126130 06022026 202
00126580 06022026 202
00126525 06022026 202
00526668 07022026 126
00526628 07022026 088
00125907 07022026 088
00126759 07022026 088
00125700 07022026 126
00126869 07022026 126
00126297 07022026 088
00126589 07022026 088
00126884 07022026 122
00126867 07022026 088
00526357 07022026 088
00126762 07022026 088
00526024 07022026 126
00126489 07022026 088
00126665 07022026 088
00126660 07022026 088
00125866 07022026 088
00126499 07022026 088
00126519 07022026 088
00824582 07022026 088
00126508 07022026 126
00125916 07022026 088
00126228 07022026 088
00126364 07022026 088
00126881 07022026 019
00121982 07022026 202
00124993 07022026 202
00125159 07022026 202
00125282 07022026 202
00125326 07022026 202
00125905 07022026 202
00126030 07022026 202
00126035 07022026 202
00526060 07022026 202
00526094 07022026 202
00126273 07022026 202
00126363 07022026 202
00126376 07022026 202
00126482 07022026 202
00126520 07022026 202
00126535 07022026 202
00126656 07022026 202
00126670 07022026 202
00526736 07022026 202
00126755 07022026 202
00126768 07022026 202
00126776 07022026 202
00126798 07022026 202
00126865 07022026 202
00126878 07022026 202
00126905 07022026 202
00126906 07022026 202
00126912 07022026 202
00126946 07022026 202
00126952 07022026 202
00126935 07022026 202
00126622 07022026 202
00126904 07022026 202
00126661 07022026 202
00126766 07022026 202
00126855 07022026 202
00126938 07022026 202
00125899 07022026 202
00125628 07022026 202
00126536 07022026 202
00125926 07022026 202
00126068 07022026 202
00125869 07022026 202
00125861 07022026 202
00126771 07022026 202
00125423 07022026 202
00526287 07022026 202
00526430 07022026 202
00526261 07022026 202
00524723 07022026 202
00526380 07022026 202
00526371 07022026 202
00126867 07022026 202
00526802 07022026 202
00125586 07022026 202
00526357 07022026 202
00126753 07022026 202
00126762 07022026 202
00124830 07022026 202
00526888 07022026 202
00526491 07022026 202
00526262 07022026 202
00126432 07022026 202
00126213 07022026 202
00125555 07022026 202
00126065 08022026 088
00125608 08022026 088
00126377 08022026 088
00126580 08022026 088
00126884 08022026 122
00526358 08022026 088
00125333 08022026 088
00125871 08022026 088
00126614 08022026 088
00126059 08022026 088
00126497 08022026 088
00126498 08022026 088
00126224 08022026 088
00126597 08022026 088
00126316 08022026 088
00526060 08022026 202
00126469 08022026 202
00126508 08022026 202
00126595 08022026 202
00126752 08022026 202
00126769 08022026 202
00126798 08022026 202
00126857 08022026 202
00126859 08022026 202
00126860 08022026 202
00126891 08022026 202
00126935 08022026 019
00126468 08022026 202
00126463 08022026 202
00126172 08022026 202
00126171 08022026 202
00125997 08022026 202
00425165 08022026 202
00325144 08022026 202
00121883 08022026 202
00126475 08022026 202
01426052 08022026 202
00126879 08022026 202
00126882 08022026 202
00125609 08022026 202
00125907 08022026 202
00126885 08022026 202
00125890 08022026 202
00126890 08022026 202
00125448 08022026 202
00126578 08022026 202
00526440 08022026 202
00526093 08022026 202
00526628 08022026 202
00526097 08022026 202
00526235 08022026 202
00126610 08022026 202
00824582 08022026 202
00126487 08022026 202
00126869 08022026 202
00126406 08022026 202
00126297 08022026 202
00125700 08022026 202
00126762 08022026 202
00126753 08022026 202
00526357 08022026 202
00125586 08022026 202
00126802 08022026 202
00126867 08022026 202
00526628 09022026 126
00126126 09022026 088
00125899 09022026 088
00126179 09022026 088
00126436 09022026 088
00126884 09022026 122
00125985 09022026 088
00526262 09022026 088
00526888 09022026 088
00126753 09022026 126
00126091 09022026 088
00126521 09022026 088
00125869 09022026 088
00126599 09022026 088
00126771 09022026 088
00125423 09022026 088
00126228 09022026 088
00126935 09022026 019
00125916 09022026 202
00125920 09022026 202
00126131 09022026 202
00126239 09022026 202
00126249 09022026 202
00126365 09022026 202
00126364 09022026 202
00126016 09022026 202
00126386 09022026 202
00126399 09022026 202
00126410 09022026 202
00126511 09022026 202
00126646 09022026 202
00126750 09022026 202
00126949 09022026 202
00126377 09022026 202
00126589 09022026 202
00126757 09022026 202
00126953 09022026 202
00126523 09022026 202
00125504 09022026 202
00126805 09022026 202
00126665 09022026 202
00126489 09022026 202
00126164 09022026 202
00526877 09022026 202
00824686 09022026 202
00525996 09022026 202
00126065 09022026 202
00126761 09022026 202
00126871 09022026 202
00126614 09022026 202
00125871 09022026 202
00126059 09022026 202
00126519 09022026 202
00126589 09022026 202
00126377 09022026 202
00125333 09022026 202
00526001 09022026 202
00526358 09022026 202
00125957 09022026 202
00526465 10022026 088
00125890 10022026 088
00125902 10022026 088
00125700 10022026 088
00126406 10022026 088
00126525 10022026 088
00126869 10022026 088
00126904 10022026 122
00126884 10022026 122
00526191 10022026 088
00126867 10022026 088
00126238 10022026 088
00126488 10022026 088
00126066 10022026 088
00126225 10022026 088
00126499 10022026 088
00126487 10022026 088
00125866 10022026 088
00125916 10022026 126
00126798 10022026 122
00121982 10022026 202
00125748 10022026 202
00125883 10022026 202
00126133 10022026 202
00126134 10022026 202
00126228 10022026 202
00126273 10022026 202
00126412 10022026 202
00126478 10022026 202
00126480 10022026 202
00126503 10022026 202
00126508 10022026 202
00126837 10022026 202
00126654 10022026 202
00126872 10022026 202
00126875 10022026 202
00126923 10022026 202
00126932 10022026 202
00126940 10022026 202
00125744 10022026 202
00126258 10022026 202
01426052 10022026 202
00126889 10022026 202
00526673 10022026 202
00526356 10022026 202
00526125 10022026 202
00526381 10022026 202
00126754 10022026 202
00126938 10022026 202
00126632 10022026 202
00126126 10022026 202
00126385 10022026 202
00126597 10022026 202
00126316 10022026 202
00126660 10022026 202
00126498 10022026 202
00126497 10022026 202
00126256 10022026 202
00126580 10022026 202
00126432 10022026 202
00126215 10022026 202
00126179 10022026 202
00526888 10022026 202
00126130 10022026 202
00526262 10022026 202
00526024 10022026 202
00126763 11022026 088
00126761 11022026 088
00126625 11022026 088
00125628 11022026 122
00125697 11022026 088
00126589 11022026 088
00126766 11022026 122
00126884 11022026 122
00126622 11022026 088
00526358 11022026 088
00526491 11022026 088
00126068 11022026 088
00125861 11022026 088
00126519 11022026 088
00126224 11022026 088
00125096 11022026 088
00126172 11022026 088
00126935 11022026 019
00126409 11022026 122
00125159 11022026 202
00125735 11022026 202
00126030 11022026 202
00126354 11022026 202
00126362 11022026 202
00126504 11022026 202
00126653 11022026 202
00126654 11022026 202
00126758 11022026 202
00126856 11022026 202
00126858 11022026 202
00126878 11022026 202
00126891 11022026 202
00126918 11022026 202
00126941 11022026 202
00125985 11022026 202
00126735 11022026 202
00126529 11022026 202
00126831 11022026 202
00126421 11022026 202
00126868 11022026 202
00126759 11022026 202
00125902 11022026 202
00125887 11022026 202
00126521 11022026 202
00126091 11022026 202
00824436 11022026 202
00526465 11022026 202
00526374 11022026 202
00126525 11022026 202
00126436 11022026 202
00126771 11022026 202
00126599 11022026 202
00126225 11022026 202
00126066 11022026 202
00526357 11022026 202
00126867 11022026 202
00125586 11022026 202
00526191 11022026 202
00526526 12022026 088
00126890 12022026 088
00126754 12022026 088
00125555 12022026 088
00125700 12022026 088
00126716 12022026 088
00126432 12022026 088
00126869 12022026 088
00126884 12022026 122
00526262 12022026 088
00126888 12022026 088
00125448 12022026 088
00126578 12022026 088
00126597 12022026 088
00126497 12022026 088
00126498 12022026 088
00125423 12022026 088
00824582 12022026 088
00126502 12022026 126
00126935 12022026 019
00121883 12022026 202
00325144 12022026 202
00125916 12022026 202
00126172 12022026 202
00126203 12022026 202
00126221 12022026 202
00126318 12022026 202
00126363 12022026 202
00126409 12022026 202
00126656 12022026 202
00126749 12022026 202
00126755 12022026 202
00126767 12022026 202
00126768 12022026 202
00126926 12022026 202
00126936 12022026 202
00126942 12022026 202
00125869 12022026 202
00126488 12022026 202
00126238 12022026 202
00126756 12022026 202
00126661 12022026 202
00126766 12022026 202
00126590 12022026 202
00526287 12022026 202
00126939 12022026 202
00526876 12022026 202
00526466 12022026 202
00126763 12022026 202
00526384 12022026 202
00126406 12022026 202
00125697 12022026 202
00126950 12022026 202
00126625 12022026 202
00125608 12022026 202
00125866 12022026 202
00126487 12022026 202
00126499 12022026 202
00126614 12022026 202
00526491 12022026 202
00125333 12022026 202
00526358 12022026 202
00526802 12022026 202
00526097 13022026 088
00125907 13022026 088
00126759 13022026 088
00126297 13022026 088
00126436 13022026 088
00126661 13022026 126
00126889 13022026 088
00126884 13022026 122
00125985 13022026 088
00526191 13022026 088
00526357 13022026 088
00126665 13022026 088
00126489 13022026 088
00126771 13022026 088
00125871 13022026 088
00126599 13022026 088
00126508 13022026 126
00124993 13022026 202
00425165 13022026 202
00125997 13022026 202
00126016 13022026 202
00526094 13022026 202
00126131 13022026 202
00126469 13022026 202
00126752 13022026 202
00126860 13022026 202
00126905 13022026 202
00126906 13022026 202
00126916 13022026 202
00126943 13022026 202
00126946 13022026 202
00126952 13022026 202
00126935 13022026 019
00126622 13022026 202
00126882 13022026 202
00125609 13022026 202
00126904 13022026 202
00125861 13022026 202
00126068 13022026 202
00125899 13022026 202
00126855 13022026 202
00126938 13022026 202
00125628 13022026 202
00125926 13022026 202
00526877 13022026 202
00526673 13022026 202
00526440 13022026 202
00526526 13022026 202
00526261 13022026 202
00526025 13022026 202
00526663 13022026 202
00126519 13022026 202
00126224 13022026 202
00824582 13022026 202
00126589 13022026 202
00125555 13022026 202
00526888 13022026 202
00526024 13022026 202
00526262 13022026 202
00126130 13022026 202
00526668 14022026 088
00526261 14022026 126
00526526 14022026 126
00126065 14022026 088
00125608 14022026 088
00125700 14022026 126
00125716 14022026 126
00126377 14022026 088
00126406 14022026 088
00526358 14022026 088
00125333 14022026 088
00124830 14022026 088
00126225 14022026 088
00126059 14022026 088
00126499 14022026 088
00126487 14022026 088
00125866 14022026 088
00126316 14022026 088
00126660 14022026 088
00126238 14022026 088
00126935 14022026 019
00126172 14022026 088
00126228 14022026 088
00126364 14022026 088
00126749 14022026 088
00126412 14022026 088
00126930 14022026 202
00126923 14022026 202
00126922 14022026 202
00126920 14022026 202
00126865 14022026 202
00126857 14022026 202
00126798 14022026 202
00126776 14022026 202
00526736 14022026 202
00126670 14022026 202
00126535 14022026 202
00126520 14022026 202
00126511 14022026 202
00126504 14022026 202
00126463 14022026 202
00126413 14022026 202
00126410 14022026 202
00126386 14022026 202
00126376 14022026 202
00126249 14022026 202
00126171 14022026 202
00126134 14022026 202
00526060 14022026 202
00126035 14022026 202
00125920 14022026 202
00125905 14022026 202
00121982 14022026 202
00125282 14022026 202
00125326 14022026 202
00126475 14022026 202
00125504 14022026 202
00126879 14022026 202
00126805 14022026 202
00125448 14022026 202
00126578 14022026 202
00126597 14022026 202
00824686 14022026 202
00526097 14022026 202
00526430 14022026 202
00524723 14022026 202
00526380 14022026 202
00526235 14022026 202
00125096 14022026 202
00125423 14022026 202
00126498 14022026 202
00126868 14022026 202
00126536 14022026 202
00125698 14022026 202
00126890 14022026 202
00125890 14022026 202
00125907 14022026 202
00126885 14022026 202
00126869 14022026 202
00126580 14022026 202
00126432 14022026 202
00126297 14022026 202
00126213 14022026 202
00125957 14022026 202
00526191 14022026 202
00125586 14022026 202
00526357 14022026 202
00126762 14022026 202
00124993 14022026 202
00126859 14022026 202
00524723 15022026 126
00126126 15022026 088
00125089 15022026 088
00126179 15022026 088
00126589 15022026 088
00526888 15022026 088
00126497 15022026 088
00126519 15022026 088
00126224 15022026 088
00126521 15022026 088
00126091 15022026 088
00126035 15022026 126
00126203 15022026 126
00126413 15022026 126
00425165 15022026 088
00126221 15022026 088
00126949 15022026 202
00126912 15022026 202
00126859 15022026 202
00126776 15022026 202
00126654 15022026 202
00126646 15022026 202
00126595 15022026 202
00126511 15022026 202
00126482 15022026 202
00126468 15022026 202
00126412 15022026 202
00126399 15022026 202
00126365 15022026 202
00126273 15022026 202
00126239 15022026 202
00126228 15022026 202
00126133 15022026 202
00126030 15022026 202
00125748 15022026 202
00126757 15022026 202
00126953 15022026 202
01426052 15022026 202
00126904 15022026 202
00126889 15022026 202
00126523 15022026 202
00126489 15022026 202
00126665 15022026 202
00526668 15022026 202
00526125 15022026 202
00126940 15022026 202
00526371 15022026 202
00526093 15022026 202
00526908 15022026 202
00126436 15022026 202
00126377 15022026 202
00125716 15022026 202
00125700 15022026 202
00126225 15022026 202
00126059 15022026 202
00126771 15022026 202
00126761 15022026 202
00125887 15022026 202
00126065 15022026 202
00126871 15022026 202
00526491 15022026 202
00125333 15022026 202
00526358 15022026 202
00126867 15022026 202
00126753 15022026 202
00124830 15022026 202
00126668 16022026 126
00126908 16022026 126
00525973 16022026 088
00125902 16022026 088
00125698 16022026 088
00126432 16022026 088
00126525 16022026 088
00125957 16022026 088
00126867 16022026 126
00126599 16022026 088
00126498 16022026 088
00125423 16022026 088
00126614 16022026 088
00126066 16022026 088
00126488 16022026 088
00125869 16022026 088
00125448 16022026 088
00126172 16022026 088
00126413 16022026 126
00126776 16022026 019
00126935 16022026 019
00126930 16022026 019
00126413 16022026 202
00126919 16022026 202
00126932 16022026 202
00126891 16022026 202
00126875 16022026 202
00126872 16022026 202
00126758 16022026 202
00126749 16022026 202
00126537 16022026 202
00126503 16022026 202
00126480 16022026 202
00126362 16022026 202
00125883 16022026 202
00125735 16022026 202
00121883 16022026 202
00126590 16022026 202
00126831 16022026 202
00126258 16022026 202
00125744 16022026 202
00126938 16022026 202
00126385 16022026 202
00126126 16022026 202
00126754 16022026 202
00526381 16022026 202
00526466 16022026 202
00526439 16022026 202
00126660 16022026 202
00126316 16022026 202
00126487 16022026 202
00126406 16022026 202
00126179 16022026 202
00526024 16022026 202
00126762 16022026 202
00125333 16022026 202
00526262 16022026 202
00126753 16022026 202
00126130 16022026 202
00126628 17022026 088
00126097 17022026 088
00125959 17022026 088
00126761 17022026 088
00125697 17022026 088
00125716 17022026 088
00126436 17022026 088
00126869 17022026 088
00526191 17022026 088
00824582 17022026 088
00126499 17022026 088
00126771 17022026 088
00125866 17022026 088
00126068 17022026 088
00125861 17022026 088
00125883 17022026 126
00126595 17022026 019
00126906 17022026 019
00126935 17022026 019
00126941 17022026 202
00126926 17022026 202
00126918 17022026 202
00126878 17022026 202
00126858 17022026 202
00126856 17022026 202
00126768 17022026 202
00126755 17022026 202
00126656 17022026 202
00126653 17022026 202
00126511 17022026 202
00126363 17022026 202
00126354 17022026 202
00126172 17022026 202
00126131 17022026 202
00126805 17022026 202
00126529 17022026 202
00126735 17022026 202
00126091 17022026 202
00126521 17022026 202
00126238 17022026 202
00526663 17022026 202
00525973 17022026 202
00824436 17022026 202
00526356 17022026 202
00525970 17022026 202
00526430 17022026 202
00526374 17022026 202
00126497 17022026 202
00126066 17022026 202
00126614 17022026 202
00126519 17022026 202
00126868 17022026 202
00125902 17022026 202
00126625 17022026 202
00126632 17022026 202
00126589 17022026 202
00126525 17022026 202
00124830 17022026 202
00125586 17022026 202
00125957 17022026 202
00526357 17022026 202
00526356 18022026 126
00526261 18022026 088
00125628 18022026 088
00126754 18022026 088
00126406 18022026 088
00125555 18022026 088
00126432 18022026 202
00125697 18022026 202
00126889 18022026 126
00125744 18022026 088
00526262 18022026 088
00125333 18022026 088
00126225 18022026 088
00126487 18022026 088
00126224 18022026 088
00126578 18022026 088
00126597 18022026 088
00126922 18022026 202
00126935 18022026 019
00125905 18022026 126
00126459 18022026 088
00126399 18022026 202
00126459 18022026 202
00126947 18022026 202
00126942 18022026 202
00126936 18022026 202
00126923 18022026 202
00126860 18022026 202
00126752 18022026 202
00126509 18022026 202
00126502 18022026 202
00126469 18022026 202
00126318 18022026 202
00126203 18022026 202
00125916 18022026 202
00425165 18022026 202
00325144 18022026 202
00526440 18022026 202
00526628 18022026 202
00526025 18022026 202
00126766 18022026 202
00126421 18022026 202
00126661 18022026 202
00125985 18022026 202
00126756 18022026 202
00125869 18022026 202
00126488 18022026 202
00824582 18022026 202
00126599 18022026 202
00126498 18022026 202
00126432 18022026 202
00125697 18022026 202
00126950 18022026 202
00125608 18022026 202
00125959 18022026 202
00126198 18022026 202
00126037 18022026 202
00526802 18022026 202
00526491 18022026 202
00526191 18022026 202
00126867 18022026 202
00126753 18022026 202
00526465 19022026 088
00525964 19022026 088
00126754 19022026 088
00126297 19022026 088
00125716 19022026 088
00126869 19022026 088
00126589 19022026 088
00526358 19022026 088
00526888 19022026 088
00126489 19022026 088
00126665 19022026 088
00126059 19022026 088
00126497 19022026 088
00126519 19022026 088
00125423 19022026 088
00126258 19022026 126
00126884 19022026 122
00126805 19022026 126
00125609 19022026 126
00126520 19022026 126
00126590 19022026 202
00126882 19022026 202
00126885 19022026 202
00126622 19022026 202
00126938 19022026 202
00126855 19022026 202
00125628 19022026 202
00125926 19022026 202
00125089 19022026 202
00126409 19022026 202
00126952 19022026 202
00126946 19022026 202
00126916 19022026 202
00126906 19022026 202
00126905 19022026 202
00126750 19022026 202
00126508 19022026 202
00126459 19022026 202
00126413 19022026 202
00126410 19022026 202
00126386 19022026 202
00126249 19022026 202
00526094 19022026 202
00126030 19022026 202
00126016 19022026 202
00125920 19022026 202
00124993 19022026 202
00125448 19022026 202
00125861 19022026 202
00824686 19022026 202
00126939 19022026 202
00526261 19022026 202
00125333 19022026 202
00526024 19022026 202
00526262 19022026 202
00126130 19022026 202
00125555 19022026 202
00126436 19022026 202
00126935 19022026 019
00126016 20022026 088
00126413 20022026 088
00526371 20022026 088
00526125 20022026 088
00125907 20022026 088
00126759 20022026 088
00126432 20022026 088
00126377 20022026 088
00526191 20022026 088
00126867 20022026 088
00124830 20022026 088
00126762 20022026 088
00126660 20022026 088
00126316 20022026 088
00125871 20022026 088
00126599 20022026 088
00126498 20022026 088
00126066 20022026 088
00126590 20022026 126
00126831 20022026 126
00124993 20022026 126
00126879 20022026 202
00125504 20022026 202
00126475 20022026 202
00126868 20022026 202
00125907 20022026 202
00126890 20022026 202
00125890 20022026 202
00125899 20022026 202
00125698 20022026 202
00126930 20022026 202
00126922 20022026 202
00126920 20022026 202
00126857 20022026 202
00126798 20022026 202
00126654 20022026 202
00126504 20022026 202
00126478 20022026 202
00126412 20022026 202
00126273 20022026 202
00126171 20022026 202
00126133 20022026 202
00125748 20022026 202
00325144 20022026 202
00126597 20022026 202
00126763 20022026 202
00526465 20022026 202
00824686 20022026 202
00526673 20022026 202
00525964 20022026 202
00526235 20022026 202
00125586 20022026 202
00526358 20022026 202
00526357 20022026 202
00126406 20022026 202
00126297 20022026 202
00126482 20022026 126
00126503 20022026 019
00126935 20022026 019
00526439 21022026 088
00526465 21022026 126
00526526 21022026 088
00125608 21022026 088
00126065 21022026 088
00126589 21022026 202
00126377 21022026 202
00126869 21022026 126
00125716 21022026 126
00126580 21022026 202
00126436 21022026 088
00126179 21022026 088
00126661 21022026 126
01426052 21022026 126
00526262 21022026 088
00125333 21022026 088
00126753 21022026 088
00526888 21022026 088
00126238 21022026 088
00126521 21022026 088
00126578 21022026 088
00126225 21022026 088
00126499 21022026 088
00126771 21022026 088
00125866 21022026 088
00124993 21022026 122
00126249 21022026 088
00126364 21022026 088
00126459 21022026 088
00126749 21022026 088
00121982 21022026 202
00125282 21022026 202
00125326 21022026 202
00125735 21022026 202
00125905 21022026 202
00126035 21022026 202
00526060 21022026 202
00126131 21022026 202
00126134 21022026 202
00126239 21022026 202
00126362 21022026 202
00126365 21022026 202
00126376 21022026 202
00126399 21022026 202
00126482 21022026 202
00126502 21022026 202
00126511 21022026 202
00126520 21022026 202
00126535 21022026 202
00126646 21022026 202
00126670 21022026 202
00526736 21022026 202
00126758 21022026 202
00126776 21022026 202
00126589 21022026 202
00126865 21022026 202
00126871 21022026 202
00126891 21022026 202
00126912 21022026 202
00126919 21022026 202
00126953 21022026 202
00126904 21022026 202
00126523 21022026 202
00126757 21022026 202
00126950 21022026 202
00125887 21022026 202
00126761 21022026 202
00126065 21022026 202
00126536 21022026 202
00126665 21022026 202
00126489 21022026 202
00125871 21022026 202
00126519 21022026 202
00125423 21022026 202
00526371 21022026 202
00526380 21022026 202
00524723 21022026 202
00126164 21022026 202
00526125 21022026 202
00126867 21022026 202
00526802 21022026 202
00526191 21022026 202
00125957 21022026 202
00126762 21022026 202
00124830 21022026 202
00525970 22022026 088
00125899 22022026 088
00126126 22022026 088
00126432 22022026 202
00126179 22022026 202
00126869 22022026 202
00125716 22022026 202
00125504 22022026 126
00526358 22022026 088
00526357 22022026 088
00125869 22022026 088
00125488 22022026 088
00126614 22022026 088
00126497 22022026 088
00126487 22022026 088
00126224 22022026 088
00126535 22022026 126
00425165 22022026 202
00126134 22022026 202
00126172 22022026 202
00126363 22022026 202
00126468 22022026 202
00126480 22022026 202
00126503 22022026 202
00126508 22022026 202
00126537 22022026 202
00126656 22022026 202
00126755 22022026 202
00126768 22022026 202
00126769 22022026 202
00126872 22022026 202
00126875 22022026 202
00126923 22022026 202
00126826 22022026 202
00126889 22022026 202
00126258 22022026 202
00126831 22022026 202
00125744 22022026 202
00126938 22022026 202
00126754 22022026 202
00126625 22022026 202
00126632 22022026 202
00126855 22022026 202
00126126 22022026 202
00126385 22022026 202
00526673 22022026 202
00526097 22022026 202
00526526 22022026 202
00526093 22022026 202
00526439 22022026 202
00526381 22022026 202
00126660 22022026 202
00126225 22022026 202
00126498 22022026 202
00526024 22022026 202
00125333 22022026 202
00126130 22022026 202
00526262 22022026 202
00126753 22022026 202
00526888 22022026 202
00526440 23022026 088
00126589 23022026 088
00125697 23022026 088
00526191 23022026 088
00126867 23022026 088
00125448 23022026 088
00125861 23022026 088
00126489 23022026 088
00126519 23022026 088
00125423 23022026 088
00126599 23022026 088
00824582 23022026 088
00126016 23022026 202
00126203 23022026 202
00126354 23022026 202
00126364 23022026 202
00126469 23022026 202
00126653 23022026 202
00126749 23022026 202
00126752 23022026 202
00126856 23022026 202
00126858 23022026 202
00126871 23022026 202
00126878 23022026 202
00126918 23022026 202
00126941 23022026 202
00126916 23022026 088
00126436 23022026 202
00126525 23022026 202
00526491 23022026 202
00526358 23022026 202
00125586 23022026 202
00526357 23022026 202
00526381 23022026 126
00526526 23022026 126
00126923 23022026 126
00126935 23022026 019
00126805 23022026 202
00126529 23022026 202
00126766 23022026 202
00126735 23022026 202
00126523 23022026 202
00126771 23022026 202
00126614 23022026 202
00526466 23022026 202
00526374 23022026 202
00525970 23022026 202
00126521 23022026 202
00126238 23022026 202
00126091 23022026 202
00126868 23022026 202
00126759 23022026 202
00125902 23022026 202
00126037 23022026 202
00126769 23022026 202
00126502 23022026 202
00125159 23022026 202
00126459 23022026 202
00126504 23022026 202
00126030 23022026 202
00125883 23022026 202
00126478 23022026 202
00526287 24022026 088
00526668 24022026 088
00126950 24022026 088
00125628 24022026 088
00126754 24022026 088
00126432 24022026 088
00125716 24022026 088
00126869 24022026 088
00125555 24022026 088
00526262 24022026 088
00526888 24022026 088
00126597 24022026 088
00126068 24022026 088
00125871 24022026 088
00126498 24022026 088
00125866 24022026 088
00121883 24022026 202
00125144 24022026 202
00125916 24022026 202
00125920 24022026 202
00126249 24022026 202
00126386 24022026 202
00126409 24022026 202
00126410 24022026 202
00126459 24022026 202
00126750 24022026 202
00126860 24022026 202
00126916 24022026 202
00126936 24022026 202
00126942 24022026 202
00126947 24022026 202
00126858 24022026 126
00125282 24022026 126
00126935 24022026 019
00126482 24022026 088
00125608 24022026 202
00126198 24022026 202
00125959 24022026 202
00125926 24022026 202
00126661 24022026 202
00126421 24022026 202
00126756 24022026 202
00824582 24022026 202
00126066 24022026 202
00126497 24022026 202
00126487 24022026 202
00126316 24022026 202
00125869 24022026 202
00824436 24022026 202
00526384 24022026 202
00526663 24022026 202
00126940 24022026 202
00526877 24022026 202
00526440 24022026 202
00126867 24022026 202
00526802 24022026 202
00526191 24022026 202
00125957 24022026 202
00126749 24022026 202
00824686 25022026 088
00125907 25022026 088
00126759 25022026 088
00126436 25022026 088
00126297 25022026 088
00526358 25022026 088
00125333 25022026 088
00126091 25022026 088
00126665 25022026 088
00126059 25022026 088
00126499 25022026 088
00126771 25022026 088
00126224 25022026 088
00126459 25022026 088
00125985 25022026 202
00126885 25022026 202
00126590 25022026 202
00126882 25022026 202
00125089 25022026 202
00126938 25022026 202
00125628 25022026 202
00125899 25022026 202
00126578 25022026 202
00125861 25022026 202
00125448 25022026 202
00525973 25022026 202
00526668 25022026 202
00126599 25022026 202
00526287 25022026 202
00526876 25022026 202
00126519 25022026 202
00526261 25022026 202
00526888 25022026 202
00126130 25022026 202
00526024 25022026 202
00526262 25022026 202
00126589 25022026 202
00125555 25022026 202
00124993 25022026 202
00125748 25022026 202
00526094 25022026 202
00129131 25022026 202
00126133 25022026 202
00126412 25022026 202
00126413 25022026 202
00126646 25022026 202
00126654 25022026 202
00126906 25022026 202
00126946 25022026 202
00126656 25022026 019
00125282 25022026 126
00126916 25022026 126
00126940 25022026 126
00526908 26022026 088
00526628 26022026 088
00526125 26022026 088
00126890 26022026 088
00125608 26022026 088
00125628 26022026 126
00126432 26022026 202
00126297 26022026 202
00125716 26022026 088
00126869 26022026 088
00126377 26022026 088
00126406 26022026 088
00526191 26022026 088
00526357 26022026 088
00126487 26022026 088
00125423 26022026 088
00126497 26022026 088
00125871 26022026 088
00126521 26022026 088
00126660 26022026 088
00124993 26022026 122
00126249 26022026 202
00126035 26022026 202
00425165 26022026 202
00125735 26022026 202
00125883 26022026 202
00126171 26022026 202
00126273 26022026 202
00126362 26022026 202
00126478 26022026 202
00126509 26022026 202
00126758 26022026 202
00126857 26022026 202
00126891 26022026 202
00126920 26022026 202
00126923 26022026 202
00126930 26022026 202
00126943 26022026 202
00126475 26022026 202
01426052 26022026 202
00125504 26022026 202
00125609 26022026 202
00126868 26022026 202
00125698 26022026 202
00125890 26022026 202
00125907 26022026 202
00126198 26022026 202
00126489 26022026 202
00126068 26022026 202
00126597 26022026 202
00125866 26022026 202
00126498 26022026 202
00126059 26022026 202
00125333 26022026 202
00125586 26022026 202
00526358 26022026 202
00526491 26022026 202
00824686 27022026 088
00126940 27022026 126
00126625 27022026 088
00125089 27022026 088
00126754 27022026 126
00126436 27022026 202
00126377 27022026 202
00126589 27022026 088
00126179 27022026 088
00526262 27022026 088
00126867 27022026 088
00126753 27022026 088
00126614 27022026 088
00126519 27022026 088
00126599 27022026 088
00126225 27022026 088
00126678 27022026 088
00126238 27022026 088
00125159 27022026 126
00126912 27022026 088
00126016 27022026 202
00126172 27022026 202
00126239 27022026 202
00126363 27022026 202
00126365 27022026 202
00126399 27022026 202
00126656 27022026 202
00126755 27022026 202
00126768 27022026 202
00126859 27022026 202
00126919 27022026 202
00126922 27022026 202
00126949 27022026 202
00126952 27022026 202
00126757 27022026 202
00126889 27022026 202
00126523 27022026 202
00126665 27022026 202
00126091 27022026 202
00526673 27022026 202
00526628 27022026 202
00526125 27022026 202
00526908 27022026 202
00126939 27022026 202
00126950 27022026 202
00126761 27022026 202
00126065 27022026 202
00126890 27022026 202
00125887 27022026 202
00126224 27022026 202
00126771 27022026 202
00125871 27022026 202
00526802 27022026 202
00526357 27022026 202
00526191 27022026 202
00125957 27022026 202
00526465 28022026 088
00824686 28022026 088
00526628 28022026 126
00125902 28022026 088
00125698 28022026 088
00126406 28022026 202
00126179 28022026 202
00126580 28022026 202
00126869 28022026 126
00125716 28022026 126
00126432 28022026 202
00126525 28022026 202
00126529 28022026 126
00526358 28022026 088
00526888 28022026 088
00124830 28022026 088
00526024 28022026 088
00125333 28022026 126
00824582 28022026 088
00126499 28022026 088
00126498 28022026 088
00125866 28022026 088
00126316 28022026 088
00125869 28022026 088
00126597 28022026 088
00124993 28022026 122
00126949 28022026 126
00126364 28022026 088
00126459 28022026 088
00126749 28022026 088
00126399 28022026 019
00126952 28022026 019
00126878 28022026 126
00121883 28022026 202
00121982 28022026 202
00325144 28022026 202
00125282 28022026 202
00125326 28022026 202
00125905 28022026 202
00126035 28022026 202
00526060 28022026 202
00126203 28022026 202
00126376 28022026 202
00126875 28022026 202
00126469 28022026 202
00126480 28022026 202
00126482 28022026 202
00126509 28022026 202
00126520 28022026 202
00126535 28022026 202
00126537 28022026 202
00126670 28022026 202
00526736 28022026 202
00126752 28022026 202
00126776 28022026 202
00126798 28022026 202
00126865 28022026 202
00126872 28022026 202
00126912 28022026 202
00126926 28022026 202
00126932 28022026 202
00125744 28022026 202
00126805 28022026 202
00126831 28022026 202
00126487 28022026 202
00125423 28022026 202
00126488 28022026 202
00126521 28022026 202
00526025 28022026 202
00526439 28022026 202
00525964 28022026 202
00126763 28022026 202
00526380 28022026 202
00524723 28022026 202
00526381 28022026 202
00126536 28022026 202
00126938 28022026 202
00126632 28022026 202
00126126 28022026 202
00126625 28022026 202
00126385 28022026 202
00126753 28022026 202
00126762 28022026 202
00126130 28022026 202
00526262 28022026 202
